color 1 0 0 1
polyline
5
-3200.000000 -1600.000000 -960.000000
3200.000000 -1600.000000 -960.000000
3200.000000 1600.000000 -960.000000
-3200.000000 1600.000000 -960.000000
-3200.000000 -1600.000000 -960.000000
color 1 0 0 1
polyline
5
-3200.000000 -1600.000000 960.000000
-3200.000000 1600.000000 960.000000
3200.000000 1600.000000 960.000000
3200.000000 -1600.000000 960.000000
-3200.000000 -1600.000000 960.000000
color 1 0 0 1
polyline
5
-3200.000000 -1600.000000 -960.000000
-3200.000000 -1600.000000 960.000000
3200.000000 -1600.000000 960.000000
3200.000000 -1600.000000 -960.000000
-3200.000000 -1600.000000 -960.000000
color 1 0 0 1
polyline
5
3200.000000 -1600.000000 -960.000000
3200.000000 -1600.000000 960.000000
3200.000000 1600.000000 960.000000
3200.000000 1600.000000 -960.000000
3200.000000 -1600.000000 -960.000000
color 1 0 0 1
polyline
5
3200.000000 1600.000000 -960.000000
3200.000000 1600.000000 960.000000
-3200.000000 1600.000000 960.000000
-3200.000000 1600.000000 -960.000000
3200.000000 1600.000000 -960.000000
color 1 0 0 1
polyline
5
-3200.000000 1600.000000 -960.000000
-3200.000000 1600.000000 960.000000
-3200.000000 -1600.000000 960.000000
-3200.000000 -1600.000000 -960.000000
-3200.000000 1600.000000 -960.000000
