polygon "materials/default.txt"
{
260.192 0.0 0.0
260.192 0.0 310.0
225.333 130.096 310.0
225.333 130.096 0.0
}
polygon "materials/default.txt"
{
225.333 130.096 0.0
225.333 130.096 310.0
130.096 225.333 310.0
130.096 225.333 0.0
}
polygon "materials/default.txt"
{
130.096 225.333 0.0
130.096 225.333 310.0
-1.13734e-005 260.192 310.0
-1.13734e-005 260.192 0.0
}
polygon "materials/default.txt"
{
-1.13734e-005 260.192 0.0
-1.13734e-005 260.192 310.0
-130.096 225.333 310.0
-130.096 225.333 0.0
}
polygon "materials/default.txt"
{
-130.096 225.333 0.0
-130.096 225.333 310.0
-225.333 130.096 310.0
-225.333 130.096 0.0
}
polygon "materials/default.txt"
{
-225.333 130.096 0.0
-225.333 130.096 310.0
-260.192 -2.27467e-005 310.0
-260.192 -2.27467e-005 0.0
}
polygon "materials/default.txt"
{
-260.192 -2.27467e-005 0.0
-260.192 -2.27467e-005 310.0
-225.333 -130.096 310.0
-225.333 -130.096 0.0
}
polygon "materials/default.txt"
{
-225.333 -130.096 0.0
-225.333 -130.096 310.0
-130.096 -225.333 310.0
-130.096 -225.333 0.0
}
polygon "materials/default.txt"
{
-130.096 -225.333 0.0
-130.096 -225.333 310.0
3.41201e-005 -260.192 310.0
3.41201e-005 -260.192 0.0
}
polygon "materials/default.txt"
{
3.41201e-005 -260.192 0.0
3.41201e-005 -260.192 310.0
130.096 -225.333 310.0
130.096 -225.333 0.0
}
polygon "materials/default.txt"
{
130.096 -225.333 0.0
130.096 -225.333 310.0
225.333 -130.096 310.0
225.333 -130.096 0.0
}
polygon "materials/default.txt"
{
225.333 -130.096 0.0
225.333 -130.096 310.0
260.192 0.0 310.0
260.192 0.0 0.0
}
polygon "materials/default.txt"
{
225.333 -130.096 0.0
260.192 0.0 0.0
225.333 130.096 0.0
130.096 225.333 0.0
-1.13734e-005 260.192 0.0
-130.096 225.333 0.0
-225.333 130.096 0.0
-260.192 -2.27467e-005 0.0
-225.333 -130.096 0.0
-130.096 -225.333 0.0
3.41201e-005 -260.192 0.0
130.096 -225.333 0.0
}
polygon "materials/default.txt"
{
174.606 -1.32032e-006 513.39
151.213 -87.303 513.39
87.303 -151.213 513.39
2.48778e-005 -174.606 513.39
-87.303 -151.213 513.39
-151.213 -87.303 513.39
-174.606 -1.87858e-005 513.39
-151.213 87.303 513.39
-87.303 151.213 513.39
-4.77174e-006 174.606 513.39
87.303 151.213 513.39
151.213 87.303 513.39
}
polygon "materials/default.txt"
{
260.192 0.0 310.0
210.309 -7.69535e-007 310.0
182.133 105.155 310.0
225.333 130.096 310.0
}
polygon "materials/default.txt"
{
225.333 130.096 310.0
182.133 105.155 310.0
105.155 182.133 310.0
130.096 225.333 310.0
}
polygon "materials/default.txt"
{
130.096 225.333 310.0
105.155 182.133 310.0
-7.52569e-006 210.309 310.0
-1.13734e-005 260.192 310.0
}
polygon "materials/default.txt"
{
-1.13734e-005 260.192 310.0
-7.52569e-006 210.309 310.0
-105.155 182.133 310.0
-130.096 225.333 310.0
}
polygon "materials/default.txt"
{
-130.096 225.333 310.0
-105.155 182.133 310.0
-182.133 105.155 310.0
-225.333 130.096 310.0
}
polygon "materials/default.txt"
{
-225.333 130.096 310.0
-182.133 105.155 310.0
-210.309 -2.04381e-005 310.0
-260.192 -2.27467e-005 310.0
}
polygon "materials/default.txt"
{
-260.192 -2.27467e-005 310.0
-210.309 -2.04381e-005 310.0
-182.133 -105.155 310.0
-225.333 -130.096 310.0
}
polygon "materials/default.txt"
{
-225.333 -130.096 310.0
-182.133 -105.155 310.0
-105.155 -182.133 310.0
-130.096 -225.333 310.0
}
polygon "materials/default.txt"
{
-130.096 -225.333 310.0
-105.155 -182.133 310.0
2.87334e-005 -210.309 310.0
3.41201e-005 -260.192 310.0
}
polygon "materials/default.txt"
{
3.41201e-005 -260.192 310.0
2.87334e-005 -210.309 310.0
105.155 -182.133 310.0
130.096 -225.333 310.0
}
polygon "materials/default.txt"
{
130.096 -225.333 310.0
105.155 -182.133 310.0
182.133 -105.155 310.0
225.333 -130.096 310.0
}
polygon "materials/default.txt"
{
225.333 -130.096 310.0
182.133 -105.155 310.0
210.309 -7.69535e-007 310.0
260.192 0.0 310.0
}
polygon "materials/default.txt"
{
174.606 -1.32032e-006 344.487
174.606 -1.32032e-006 513.39
151.213 87.303 513.39
151.213 87.303 344.487
}
polygon "materials/default.txt"
{
151.213 87.303 344.487
151.213 87.303 513.39
87.303 151.213 513.39
87.303 151.213 344.487
}
polygon "materials/default.txt"
{
87.303 151.213 344.487
87.303 151.213 513.39
-4.77174e-006 174.606 513.39
-4.77174e-006 174.606 344.487
}
polygon "materials/default.txt"
{
-4.77174e-006 174.606 344.487
-4.77174e-006 174.606 513.39
-87.303 151.213 513.39
-87.303 151.213 344.487
}
polygon "materials/default.txt"
{
-87.303 151.213 344.487
-87.303 151.213 513.39
-151.213 87.303 513.39
-151.213 87.303 344.487
}
polygon "materials/default.txt"
{
-151.213 87.303 344.487
-151.213 87.303 513.39
-174.606 -1.87858e-005 513.39
-174.606 -1.87858e-005 344.487
}
polygon "materials/default.txt"
{
-174.606 -1.87858e-005 344.487
-174.606 -1.87858e-005 513.39
-151.213 -87.303 513.39
-151.213 -87.303 344.487
}
polygon "materials/default.txt"
{
-151.213 -87.303 344.487
-151.213 -87.303 513.39
-87.303 -151.213 513.39
-87.303 -151.213 344.487
}
polygon "materials/default.txt"
{
-87.303 -151.213 344.487
-87.303 -151.213 513.39
2.48778e-005 -174.606 513.39
2.48778e-005 -174.606 344.487
}
polygon "materials/default.txt"
{
2.48778e-005 -174.606 344.487
2.48778e-005 -174.606 513.39
87.303 -151.213 513.39
87.303 -151.213 344.487
}
polygon "materials/default.txt"
{
87.303 -151.213 344.487
87.303 -151.213 513.39
151.213 -87.303 513.39
151.213 -87.303 344.487
}
polygon "materials/default.txt"
{
151.213 -87.303 344.487
151.213 -87.303 513.39
174.606 -1.32032e-006 513.39
174.606 -1.32032e-006 344.487
}
polygon "materials/default.txt"
{
174.606 -1.32032e-006 344.487
151.213 87.303 344.487
182.133 105.155 310.0
210.309 -7.69535e-007 310.0
}
polygon "materials/default.txt"
{
151.213 87.303 344.487
87.303 151.213 344.487
105.155 182.133 310.0
182.133 105.155 310.0
}
polygon "materials/default.txt"
{
87.303 151.213 344.487
-4.77174e-006 174.606 344.487
-7.52569e-006 210.309 310.0
105.155 182.133 310.0
}
polygon "materials/default.txt"
{
-4.77174e-006 174.606 344.487
-87.303 151.213 344.487
-105.155 182.133 310.0
-7.52569e-006 210.309 310.0
}
polygon "materials/default.txt"
{
-87.303 151.213 344.487
-151.213 87.303 344.487
-182.133 105.155 310.0
-105.155 182.133 310.0
}
polygon "materials/default.txt"
{
-151.213 87.303 344.487
-174.606 -1.87858e-005 344.487
-210.309 -2.04381e-005 310.0
-182.133 105.155 310.0
}
polygon "materials/default.txt"
{
-174.606 -1.87858e-005 344.487
-151.213 -87.303 344.487
-182.133 -105.155 310.0
-210.309 -2.04381e-005 310.0
}
polygon "materials/default.txt"
{
-151.213 -87.303 344.487
-87.303 -151.213 344.487
-105.155 -182.133 310.0
-182.133 -105.155 310.0
}
polygon "materials/default.txt"
{
-87.303 -151.213 344.487
2.48778e-005 -174.606 344.487
2.87334e-005 -210.309 310.0
-105.155 -182.133 310.0
}
polygon "materials/default.txt"
{
2.48778e-005 -174.606 344.487
87.303 -151.213 344.487
105.155 -182.133 310.0
2.87334e-005 -210.309 310.0
}
polygon "materials/default.txt"
{
87.303 -151.213 344.487
151.213 -87.303 344.487
182.133 -105.155 310.0
105.155 -182.133 310.0
}
polygon "materials/default.txt"
{
151.213 -87.303 344.487
174.606 -1.32032e-006 344.487
210.309 -7.69535e-007 310.0
182.133 -105.155 310.0
}
