model
{
polygon "materials/default.txt"
{
120.0 0.0 0.0
120.0 0.0 90.0
112.763 41.0424 90.0
112.763 41.0424 0.0
}
polygon "materials/default.txt"
{
112.763 41.0424 0.0
112.763 41.0424 90.0
91.9253 77.1345 90.0
91.9253 77.1345 0.0
}
polygon "materials/default.txt"
{
91.9253 77.1345 0.0
91.9253 77.1345 90.0
60.0 103.923 90.0
60.0 103.923 0.0
}
polygon "materials/default.txt"
{
60.0 103.923 0.0
60.0 103.923 90.0
-6.25613 150.466 77.6426
9.36177 131.854 -5.23414
}
polygon "materials/default.txt"
{
9.36177 131.854 -5.23414
-6.25613 150.466 77.6426
-32.0752 131.569 84.8747
-16.4573 112.956 1.99791
}
polygon "materials/default.txt"
{
-16.4573 112.956 1.99791
-32.0752 131.569 84.8747
-62.8004 107.26 88.7228
-47.1825 88.6477 5.84601
}
polygon "materials/default.txt"
{
-47.1825 88.6477 5.84601
-62.8004 107.26 88.7228
-94.7257 80.4718 88.7228
-79.1078 61.8592 5.84601
}
polygon "materials/default.txt"
{
-79.1078 61.8592 5.84601
-94.7257 80.4718 88.7228
-124.001 54.4346 84.8747
-108.383 35.8219 1.99791
}
polygon "materials/default.txt"
{
-108.383 35.8219 1.99791
-124.001 54.4346 84.8747
-147.094 32.2892 77.6426
-131.476 13.6765 -5.23414
}
polygon "materials/default.txt"
{
-131.476 13.6765 -5.23414
-147.094 32.2892 77.6426
-112.763 -41.0424 90.0
-112.763 -41.0424 0.0
}
polygon "materials/default.txt"
{
-112.763 -41.0424 0.0
-112.763 -41.0424 90.0
-91.9253 -77.1345 90.0
-91.9253 -77.1345 0.0
}
polygon "materials/default.txt"
{
-91.9253 -77.1345 0.0
-91.9253 -77.1345 90.0
-60.0 -103.923 90.0
-60.0 -103.923 0.0
}
polygon "materials/default.txt"
{
-60.0 -103.923 0.0
-60.0 -103.923 90.0
-20.8378 -118.177 90.0
-20.8378 -118.177 0.0
}
polygon "materials/default.txt"
{
-20.8378 -118.177 0.0
-20.8378 -118.177 90.0
20.8378 -118.177 90.0
20.8378 -118.177 0.0
}
polygon "materials/default.txt"
{
20.8378 -118.177 0.0
20.8378 -118.177 90.0
60.0 -103.923 90.0
60.0 -103.923 0.0
}
polygon "materials/default.txt"
{
60.0 -103.923 0.0
60.0 -103.923 90.0
91.9254 -77.1345 90.0
91.9254 -77.1345 0.0
}
polygon "materials/default.txt"
{
91.9254 -77.1345 0.0
91.9254 -77.1345 90.0
112.763 -41.0424 90.0
112.763 -41.0424 0.0
}
polygon "materials/default.txt"
{
112.763 -41.0424 0.0
112.763 -41.0424 90.0
120.0 0.0 90.0
120.0 0.0 0.0
}
polygon "materials/default.txt"
{
55.5118 -20.2046 -500.0
59.0744 -5.83849e-006 -500.0
55.5118 20.2046 -500.0
45.2536 37.9723 -500.0
29.5372 51.1599 -500.0
10.2582 58.1769 -500.0
-10.2582 58.1769 -500.0
-29.5372 51.1599 -500.0
-45.2536 37.9723 -500.0
-55.5118 20.2046 -500.0
-59.0744 -8.77436e-006 -500.0
-55.5118 -20.2046 -500.0
-45.2536 -37.9723 -500.0
-29.5372 -51.1599 -500.0
-10.2581 -58.1769 -500.0
10.2582 -58.1769 -500.0
29.5372 -51.1599 -500.0
45.2536 -37.9723 -500.0
}
polygon "materials/default.txt"
{
120.0 0.0 90.0
112.763 -41.0424 90.0
91.9254 -77.1345 90.0
60.0 -103.923 90.0
20.8378 -118.177 90.0
-20.8378 -118.177 90.0
-60.0 -103.923 90.0
-91.9253 -77.1345 90.0
-112.763 -41.0424 90.0
-147.094 32.2892 77.6426
-124.001 54.4346 84.8747
-94.7257 80.4718 88.7228
-62.8004 107.26 88.7228
-32.0752 131.569 84.8747
-6.25613 150.466 77.6426
60.0 103.923 90.0
91.9253 77.1345 90.0
112.763 41.0424 90.0
}
polygon "materials/default.txt"
{
112.763 41.0424 0.0
93.6793 34.0965 0.0
99.6915 -2.15102e-006 0.0
120.0 0.0 0.0
}
polygon "materials/default.txt"
{
120.0 0.0 0.0
99.6915 -2.15102e-006 0.0
93.6794 -34.0965 0.0
112.763 -41.0424 0.0
}
polygon "materials/default.txt"
{
112.763 -41.0424 0.0
93.6794 -34.0965 0.0
76.3681 -64.0804 0.0
91.9254 -77.1345 0.0
}
polygon "materials/default.txt"
{
91.9254 -77.1345 0.0
76.3681 -64.0804 0.0
49.8458 -86.3353 0.0
60.0 -103.923 0.0
}
polygon "materials/default.txt"
{
60.0 -103.923 0.0
49.8458 -86.3353 0.0
17.3113 -98.1769 0.0
20.8378 -118.177 0.0
}
polygon "materials/default.txt"
{
20.8378 -118.177 0.0
17.3113 -98.1769 0.0
-17.3112 -98.1769 0.0
-20.8378 -118.177 0.0
}
polygon "materials/default.txt"
{
-20.8378 -118.177 0.0
-17.3112 -98.1769 0.0
-49.8457 -86.3354 0.0
-60.0 -103.923 0.0
}
polygon "materials/default.txt"
{
-60.0 -103.923 0.0
-49.8457 -86.3354 0.0
-76.3681 -64.0805 0.0
-91.9253 -77.1345 0.0
}
polygon "materials/default.txt"
{
-91.9253 -77.1345 0.0
-76.3681 -64.0805 0.0
-93.6793 -34.0965 0.0
-112.763 -41.0424 0.0
}
polygon "materials/default.txt"
{
-112.763 -41.0424 0.0
-93.6793 -34.0965 0.0
-118.894 22.8851 -8.75833
-131.476 13.6765 -5.23414
}
polygon "materials/default.txt"
{
-131.476 13.6765 -5.23414
-118.894 22.8851 -8.75833
-99.7093 41.2826 -2.75021
-108.383 35.8219 1.99791
}
polygon "materials/default.txt"
{
-108.383 35.8219 1.99791
-99.7093 41.2826 -2.75021
-75.3888 62.9134 0.446643
-79.1078 61.8592 5.84601
}
polygon "materials/default.txt"
{
-79.1078 61.8592 5.84601
-75.3888 62.9134 0.446643
-48.8665 85.1683 0.446644
-47.1825 88.6477 5.84601
}
polygon "materials/default.txt"
{
-47.1825 88.6477 5.84601
-48.8665 85.1683 0.446644
-23.3412 105.363 -2.75021
-16.4573 112.956 1.99791
}
polygon "materials/default.txt"
{
-16.4573 112.956 1.99791
-23.3412 105.363 -2.75021
-1.89164 121.062 -8.75833
9.36177 131.854 -5.23414
}
polygon "materials/default.txt"
{
9.36177 131.854 -5.23414
-1.89164 121.062 -8.75833
49.8457 86.3353 0.0
60.0 103.923 0.0
}
polygon "materials/default.txt"
{
60.0 103.923 0.0
49.8457 86.3353 0.0
76.3681 64.0804 0.0
91.9253 77.1345 0.0
}
polygon "materials/default.txt"
{
91.9253 77.1345 0.0
76.3681 64.0804 0.0
93.6793 34.0965 0.0
112.763 41.0424 0.0
}
polygon "materials/default.txt"
{
93.6793 34.0965 0.0
93.6793 34.0965 -100.0
99.6915 -2.15102e-006 -100.0
99.6915 -2.15102e-006 0.0
}
polygon "materials/default.txt"
{
99.6915 -2.15102e-006 0.0
99.6915 -2.15102e-006 -100.0
93.6794 -34.0965 -100.0
93.6794 -34.0965 0.0
}
polygon "materials/default.txt"
{
93.6794 -34.0965 0.0
93.6794 -34.0965 -100.0
76.3681 -64.0804 -100.0
76.3681 -64.0804 0.0
}
polygon "materials/default.txt"
{
76.3681 -64.0804 0.0
76.3681 -64.0804 -100.0
49.8458 -86.3353 -100.0
49.8458 -86.3353 0.0
}
polygon "materials/default.txt"
{
49.8458 -86.3353 0.0
49.8458 -86.3353 -100.0
17.3113 -98.1769 -100.0
17.3113 -98.1769 0.0
}
polygon "materials/default.txt"
{
17.3113 -98.1769 0.0
17.3113 -98.1769 -100.0
-17.3112 -98.1769 -100.0
-17.3112 -98.1769 0.0
}
polygon "materials/default.txt"
{
-17.3112 -98.1769 0.0
-17.3112 -98.1769 -100.0
-49.8457 -86.3354 -100.0
-49.8457 -86.3354 0.0
}
polygon "materials/default.txt"
{
-49.8457 -86.3354 0.0
-49.8457 -86.3354 -100.0
-76.3681 -64.0805 -100.0
-76.3681 -64.0805 0.0
}
polygon "materials/default.txt"
{
-76.3681 -64.0805 0.0
-76.3681 -64.0805 -100.0
-93.6793 -34.0965 -100.0
-93.6793 -34.0965 0.0
}
polygon "materials/default.txt"
{
-93.6793 -34.0965 0.0
-93.6793 -34.0965 -100.0
-101.541 2.20431 -100.844
-118.894 22.8851 -8.75833
}
polygon "materials/default.txt"
{
-118.894 22.8851 -8.75833
-101.541 2.20431 -100.844
-82.356 20.6019 -94.8355
-99.7093 41.2826 -2.75021
}
polygon "materials/default.txt"
{
-99.7093 41.2826 -2.75021
-82.356 20.6019 -94.8355
-58.0356 42.2326 -91.6386
-75.3888 62.9134 0.446643
}
polygon "materials/default.txt"
{
-75.3888 62.9134 0.446643
-58.0356 42.2326 -91.6386
-31.5132 64.4875 -91.6386
-48.8665 85.1683 0.446644
}
polygon "materials/default.txt"
{
-48.8665 85.1683 0.446644
-31.5132 64.4875 -91.6386
-5.98794 84.6823 -94.8355
-23.3412 105.363 -2.75021
}
polygon "materials/default.txt"
{
-23.3412 105.363 -2.75021
-5.98794 84.6823 -94.8355
15.4616 100.381 -100.844
-1.89164 121.062 -8.75833
}
polygon "materials/default.txt"
{
-1.89164 121.062 -8.75833
15.4616 100.381 -100.844
49.8457 86.3353 -100.0
49.8457 86.3353 0.0
}
polygon "materials/default.txt"
{
49.8457 86.3353 0.0
49.8457 86.3353 -100.0
76.3681 64.0804 -100.0
76.3681 64.0804 0.0
}
polygon "materials/default.txt"
{
76.3681 64.0804 0.0
76.3681 64.0804 -100.0
93.6793 34.0965 -100.0
93.6793 34.0965 0.0
}
polygon "materials/default.txt"
{
93.6793 34.0965 -100.0
55.5118 20.2046 -100.0
59.0744 -5.83849e-006 -100.0
99.6915 -2.15102e-006 -100.0
}
polygon "materials/default.txt"
{
99.6915 -2.15102e-006 -100.0
59.0744 -5.83849e-006 -100.0
55.5118 -20.2046 -100.0
93.6794 -34.0965 -100.0
}
polygon "materials/default.txt"
{
93.6794 -34.0965 -100.0
55.5118 -20.2046 -100.0
45.2536 -37.9723 -100.0
76.3681 -64.0804 -100.0
}
polygon "materials/default.txt"
{
76.3681 -64.0804 -100.0
45.2536 -37.9723 -100.0
29.5372 -51.1599 -100.0
49.8458 -86.3353 -100.0
}
polygon "materials/default.txt"
{
49.8458 -86.3353 -100.0
29.5372 -51.1599 -100.0
10.2582 -58.1769 -100.0
17.3113 -98.1769 -100.0
}
polygon "materials/default.txt"
{
17.3113 -98.1769 -100.0
10.2582 -58.1769 -100.0
-10.2581 -58.1769 -100.0
-17.3112 -98.1769 -100.0
}
polygon "materials/default.txt"
{
-17.3112 -98.1769 -100.0
-10.2581 -58.1769 -100.0
-29.5372 -51.1599 -100.0
-49.8457 -86.3354 -100.0
}
polygon "materials/default.txt"
{
-49.8457 -86.3354 -100.0
-29.5372 -51.1599 -100.0
-45.2536 -37.9723 -100.0
-76.3681 -64.0805 -100.0
}
polygon "materials/default.txt"
{
-76.3681 -64.0805 -100.0
-45.2536 -37.9723 -100.0
-55.5118 -20.2046 -100.0
-93.6793 -34.0965 -100.0
}
polygon "materials/default.txt"
{
-93.6793 -34.0965 -100.0
-55.5118 -20.2046 -100.0
-76.3778 20.6214 -107.892
-101.541 2.20431 -100.844
}
polygon "materials/default.txt"
{
-101.541 2.20431 -100.844
-76.3778 20.6214 -107.892
-65.0092 31.5233 -104.332
-82.356 20.6019 -94.8355
}
polygon "materials/default.txt"
{
-82.356 20.6019 -94.8355
-65.0092 31.5233 -104.332
-50.5976 44.341 -102.437
-58.0356 42.2326 -91.6386
}
polygon "materials/default.txt"
{
-58.0356 42.2326 -91.6386
-50.5976 44.341 -102.437
-34.8812 57.5287 -102.437
-31.5132 64.4875 -91.6386
}
polygon "materials/default.txt"
{
-31.5132 64.4875 -91.6386
-34.8812 57.5287 -102.437
-19.7556 69.4956 -104.332
-5.98794 84.6823 -94.8355
}
polygon "materials/default.txt"
{
-5.98794 84.6823 -94.8355
-19.7556 69.4956 -104.332
-7.04524 78.7983 -107.892
15.4616 100.381 -100.844
}
polygon "materials/default.txt"
{
15.4616 100.381 -100.844
-7.04524 78.7983 -107.892
29.5372 51.1599 -100.0
49.8457 86.3353 -100.0
}
polygon "materials/default.txt"
{
49.8457 86.3353 -100.0
29.5372 51.1599 -100.0
45.2536 37.9723 -100.0
76.3681 64.0804 -100.0
}
polygon "materials/default.txt"
{
76.3681 64.0804 -100.0
45.2536 37.9723 -100.0
55.5118 20.2046 -100.0
93.6793 34.0965 -100.0
}
polygon "materials/default.txt"
{
55.5118 20.2046 -100.0
55.5118 20.2046 -500.0
59.0744 -5.83849e-006 -500.0
59.0744 -5.83849e-006 -100.0
}
polygon "materials/default.txt"
{
59.0744 -5.83849e-006 -100.0
59.0744 -5.83849e-006 -500.0
55.5118 -20.2046 -500.0
55.5118 -20.2046 -100.0
}
polygon "materials/default.txt"
{
55.5118 -20.2046 -100.0
55.5118 -20.2046 -500.0
45.2536 -37.9723 -500.0
45.2536 -37.9723 -100.0
}
polygon "materials/default.txt"
{
45.2536 -37.9723 -100.0
45.2536 -37.9723 -500.0
29.5372 -51.1599 -500.0
29.5372 -51.1599 -100.0
}
polygon "materials/default.txt"
{
29.5372 -51.1599 -100.0
29.5372 -51.1599 -500.0
10.2582 -58.1769 -500.0
10.2582 -58.1769 -100.0
}
polygon "materials/default.txt"
{
10.2582 -58.1769 -100.0
10.2582 -58.1769 -500.0
-10.2581 -58.1769 -500.0
-10.2581 -58.1769 -100.0
}
polygon "materials/default.txt"
{
-10.2581 -58.1769 -100.0
-10.2581 -58.1769 -500.0
-29.5372 -51.1599 -500.0
-29.5372 -51.1599 -100.0
}
polygon "materials/default.txt"
{
-29.5372 -51.1599 -100.0
-29.5372 -51.1599 -500.0
-45.2536 -37.9723 -500.0
-45.2536 -37.9723 -100.0
}
polygon "materials/default.txt"
{
-45.2536 -37.9723 -100.0
-45.2536 -37.9723 -500.0
-55.5118 -20.2046 -500.0
-55.5118 -20.2046 -100.0
}
polygon "materials/default.txt"
{
-55.5118 -20.2046 -100.0
-55.5118 -20.2046 -500.0
-59.0744 -8.77436e-006 -500.0
-76.3778 20.6214 -107.892
}
polygon "materials/default.txt"
{
-76.3778 20.6214 -107.892
-59.0744 -8.77436e-006 -500.0
-55.5118 20.2046 -500.0
-65.0092 31.5233 -104.332
}
polygon "materials/default.txt"
{
-65.0092 31.5233 -104.332
-55.5118 20.2046 -500.0
-45.2536 37.9723 -500.0
-50.5976 44.341 -102.437
}
polygon "materials/default.txt"
{
-50.5976 44.341 -102.437
-45.2536 37.9723 -500.0
-29.5372 51.1599 -500.0
-34.8812 57.5287 -102.437
}
polygon "materials/default.txt"
{
-34.8812 57.5287 -102.437
-29.5372 51.1599 -500.0
-10.2582 58.1769 -500.0
-19.7556 69.4956 -104.332
}
polygon "materials/default.txt"
{
-19.7556 69.4956 -104.332
-10.2582 58.1769 -500.0
10.2582 58.1769 -500.0
-7.04524 78.7983 -107.892
}
polygon "materials/default.txt"
{
-7.04524 78.7983 -107.892
10.2582 58.1769 -500.0
29.5372 51.1599 -500.0
29.5372 51.1599 -100.0
}
polygon "materials/default.txt"
{
29.5372 51.1599 -100.0
29.5372 51.1599 -500.0
45.2536 37.9723 -500.0
45.2536 37.9723 -100.0
}
polygon "materials/default.txt"
{
45.2536 37.9723 -100.0
45.2536 37.9723 -500.0
55.5118 20.2046 -500.0
55.5118 20.2046 -100.0
}
}
