polygon "materials/default.txt"
{
0.0 0.0 0.0
200.0 0.0 0.0
200.0 100.0 0.0
0.0 100.0 0.0
}
polygon "materials/default.txt"
{
0.0 0.0 100.0
0.0 43.753 135.002
200.0 43.753 135.002
200.0 0.0 100.0
}
polygon "materials/default.txt"
{
0.0 0.0 0.0
0.0 0.0 100.0
200.0 0.0 100.0
200.0 0.0 0.0
}
polygon "materials/default.txt"
{
300.0 0.0 0.0
300.0 0.0 100.0
300.0 100.0 100.0
300.0 100.0 0.0
}
polygon "materials/default.txt"
{
200.0 100.0 0.0
200.0 100.0 100.0
0.0 100.0 100.0
0.0 100.0 0.0
}
polygon "materials/default.txt"
{
0.0 100.0 0.0
0.0 100.0 100.0
0.0 56.2469 135.002
0.0 43.753 135.002
0.0 0.0 100.0
0.0 0.0 0.0
}
polygon "materials/default.txt"
{
200.0 0.0 0.0
300.0 0.0 0.0
300.0 100.0 0.0
200.0 100.0 0.0
}
polygon "materials/default.txt"
{
200.0 300.0 0.0
300.0 300.0 0.0
300.0 300.0 100.0
256.247 300.0 135.002
243.753 300.0 135.002
200.0 300.0 100.0
}
polygon "materials/default.txt"
{
200.0 100.0 100.0
243.753 100.0 135.002
243.753 56.2469 135.002
}
polygon "materials/default.txt"
{
200.0 0.0 100.0
300.0 0.0 100.0
300.0 0.0 0.0
200.0 0.0 0.0
}
polygon "materials/default.txt"
{
200.0 100.0 0.0
200.0 300.0 0.0
200.0 300.0 100.0
200.0 100.0 100.0
}
polygon "materials/default.txt"
{
200.0 100.0 100.0
200.0 300.0 100.0
243.753 300.0 135.002
243.753 100.0 135.002
}
polygon "materials/default.txt"
{
300.0 100.0 100.0
300.0 300.0 100.0
300.0 300.0 0.0
300.0 100.0 0.0
}
polygon "materials/default.txt"
{
300.0 100.0 0.0
300.0 300.0 0.0
200.0 300.0 0.0
200.0 100.0 0.0
}
polygon "materials/default.txt"
{
200.0 100.0 100.0
243.753 56.2469 135.002
200.0 56.2469 135.002
}
polygon "materials/default.txt"
{
200.0 56.2469 135.002
0.0 56.2469 135.002
0.0 100.0 100.0
200.0 100.0 100.0
}
polygon "materials/default.txt"
{
256.247 43.753 135.002
256.247 100.0 135.002
300.0 100.0 100.0
300.0 0.0 100.0
}
polygon "materials/default.txt"
{
256.247 100.0 135.002
256.247 300.0 135.002
300.0 300.0 100.0
300.0 100.0 100.0
}
polygon "materials/default.txt"
{
200.0 43.753 135.002
256.247 43.753 135.002
300.0 0.0 100.0
200.0 0.0 100.0
}
polygon "materials/default.txt"
{
200.0 43.753 127.002
0.0 43.753 127.002
0.0 56.2469 127.002
200.0 56.2469 127.002
}
polygon "materials/default.txt"
{
243.753 56.2469 127.002
243.753 100.0 127.002
256.247 100.0 127.002
256.247 43.753 127.002
}
polygon "materials/default.txt"
{
243.753 100.0 127.002
243.753 300.0 127.002
256.247 300.0 127.002
256.247 100.0 127.002
}
polygon "materials/default.txt"
{
200.0 56.2469 127.002
243.753 56.2469 127.002
256.247 43.753 127.002
200.0 43.753 127.002
}
polygon "materials/default.txt"
{
0.0 43.753 135.002
0.0 43.753 127.002
200.0 43.753 127.002
200.0 43.753 135.002
}
polygon "materials/default.txt"
{
200.0 43.753 135.002
200.0 43.753 127.002
256.247 43.753 127.002
256.247 43.753 135.002
}
polygon "materials/default.txt"
{
256.247 43.753 135.002
256.247 43.753 127.002
256.247 100.0 127.002
256.247 100.0 135.002
}
polygon "materials/default.txt"
{
256.247 100.0 135.002
256.247 100.0 127.002
256.247 300.0 127.002
256.247 300.0 135.002
}
polygon "materials/default.txt"
{
243.753 300.0 135.002
243.753 300.0 127.002
243.753 100.0 127.002
243.753 100.0 135.002
}
polygon "materials/default.txt"
{
243.753 100.0 135.002
243.753 100.0 127.002
243.753 56.2469 127.002
243.753 56.2469 135.002
}
polygon "materials/default.txt"
{
243.753 56.2469 135.002
243.753 56.2469 127.002
200.0 56.2469 127.002
200.0 56.2469 135.002
}
polygon "materials/default.txt"
{
200.0 56.2469 135.002
200.0 56.2469 127.002
0.0 56.2469 127.002
0.0 56.2469 135.002
}
