model
{
polygon "materials/default.txt"
{
-384.000000 0.000000 0.000000
-384.000000 64.000000 0.000000
-256.000000 64.000000 0.000000
-256.000000 0.000000 0.000000
}
polygon "materials/default.txt"
{
-384.000000 64.000000 0.000000
-384.000000 64.000000 -128.000000
-256.000000 64.000000 -128.000000
-256.000000 64.000000 0.000000
}
polygon "materials/default.txt"
{
-384.000000 64.000000 -128.000000
-384.000000 0.000000 -128.000000
-256.000000 0.000000 -128.000000
-256.000000 64.000000 -128.000000
}
polygon "materials/default.txt"
{
-384.000000 0.000000 -128.000000
-384.000000 0.000000 0.000000
-256.000000 0.000000 0.000000
-256.000000 0.000000 -128.000000
}
polygon "materials/default.txt"
{
-256.000000 0.000000 0.000000
-256.000000 64.000000 0.000000
-256.000000 64.000000 -128.000000
-256.000000 0.000000 -128.000000
}
polygon "materials/default.txt"
{
-384.000000 0.000000 -128.000000
-384.000000 64.000000 -128.000000
-384.000000 64.000000 0.000000
-384.000000 0.000000 0.000000
}
polygon "materials/default.txt"
{
-128.000000 0.000000 -128.000000
-128.000000 64.000000 -128.000000
0.000000 64.000000 -128.000000
0.000000 0.000000 -128.000000
}
polygon "materials/default.txt"
{
-128.000000 64.000000 -128.000000
-128.000000 64.000000 -256.000000
0.000000 64.000000 -256.000000
0.000000 64.000000 -128.000000
}
polygon "materials/default.txt"
{
-128.000000 64.000000 -256.000000
-128.000000 0.000000 -256.000000
0.000000 0.000000 -256.000000
0.000000 64.000000 -256.000000
}
polygon "materials/default.txt"
{
-128.000000 0.000000 -256.000000
-128.000000 0.000000 -128.000000
0.000000 0.000000 -128.000000
0.000000 0.000000 -256.000000
}
polygon "materials/default.txt"
{
0.000000 0.000000 -128.000000
0.000000 64.000000 -128.000000
0.000000 64.000000 -256.000000
0.000000 0.000000 -256.000000
}
polygon "materials/default.txt"
{
-128.000000 0.000000 -256.000000
-128.000000 64.000000 -256.000000
-128.000000 64.000000 -128.000000
-128.000000 0.000000 -128.000000
}
}
// ***** Mesh list ******
watervol
{
0.000000 0.000000 -1.000000 64.000000
0.000000 -1.000000 0.000000 64.000000
-0.000000 0.000000 1.000000 -0.000000
0.000000 1.000000 0.000000 -0.000000
-1.000000 0.000000 0.000000 192.000000
1.000000 0.000000 0.000000 64.000000
}
watervol
{
0.000000 0.000000 -1.000000 128.000000
0.000000 -1.000000 0.000000 64.000000
-0.000000 0.000000 1.000000 -64.000000
0.000000 1.000000 0.000000 -0.000000
-1.000000 0.000000 0.000000 64.000000
1.000000 0.000000 0.000000 64.000000
}
watervol
{
0.000000 0.000000 -1.000000 64.000000
0.000000 -1.000000 0.000000 64.000000
-0.000000 0.000000 1.000000 192.000000
0.000000 1.000000 0.000000 -0.000000
-1.000000 0.000000 0.000000 256.000000
1.000000 0.000000 0.000000 -192.000000
}
